0.000000 0.000000 
5.920076 0.000000 
21.041366 0.000000 
21.639852 0.000000 
22.407084 1.000000 
33.600593 1.000000 
41.940451 1.000000 
42.446096 2.000000 
42.452214 3.000000 
43.652957 4.000000 
47.184805 5.000000 
54.452812 5.000000 
55.785242 6.000000 
56.876666 7.000000 
64.952657 7.000000 
65.851563 8.000000 
69.512354 9.000000 
74.945863 10.000000 
75.435336 10.000000 
81.133970 9.000000 
84.856577 10.000000 
86.223799 10.000000 
86.431245 10.000000 
88.671201 9.000000 
91.649559 10.000000 
93.581664 10.000000 
93.962246 10.000000 
94.184373 10.000000 
96.211894 10.000000 
96.467939 10.000000 
120.195585 7.000000 
127.184125 7.000000 
159.891763 5.000000 
161.418991 6.000000 
161.566802 7.000000 
165.917631 7.000000 
168.430777 8.000000 
168.756921 9.000000 
174.725326 9.000000 
175.516015 10.000000 
177.258961 10.000000 
177.273791 10.000000 
189.751132 9.000000 
198.550721 9.000000 
203.153221 10.000000 
230.416047 7.000000 
236.628686 7.000000 
247.326641 7.000000 
249.240793 8.000000 
253.259172 9.000000 
253.960512 10.000000 
257.523195 9.000000 
260.164589 10.000000 
261.144374 10.000000 
285.707955 7.000000 
299.481090 7.000000 
304.877657 7.000000 
305.589539 8.000000 
308.251287 9.000000 
317.186221 9.000000 
321.497603 10.000000 
328.759945 9.000000 
332.680352 9.000000 
348.775241 9.000000 
349.595476 9.000000 
350.377624 10.000000 
350.477834 10.000000 
351.737391 10.000000 
351.742497 10.000000 
355.046415 10.000000 
355.675533 10.000000 
358.503830 9.000000 
370.792229 9.000000 
370.820095 10.000000 
371.354960 10.000000 
382.348172 9.000000 
391.212260 10.000000 
393.943178 9.000000 
399.299121 10.000000 
404.416274 9.000000 
407.946674 9.000000 
414.187994 10.000000 
416.100072 10.000000 
418.392438 10.000000 
423.712083 9.000000 
435.585245 9.000000 
440.699799 10.000000 
441.557597 10.000000 
443.631550 10.000000 
445.890921 9.000000 
454.331759 9.000000 
457.210166 10.000000 
468.184005 9.000000 
469.870681 10.000000 
472.447807 10.000000 
473.121892 9.000000 
499.933714 7.000000 
502.606813 8.000000 
506.190078 9.000000 
506.215193 10.000000 
507.884854 9.000000 
523.764383 9.000000 
527.668759 10.000000 
544.668039 8.000000 
566.254427 7.000000 
571.081800 8.000000 
571.942648 9.000000 
575.983906 9.000000 
587.281834 9.000000 
587.553004 10.000000 
587.607691 10.000000 
589.753592 10.000000 
592.293565 10.000000 
592.530147 10.000000 
592.759028 10.000000 
594.947260 9.000000 
597.687731 10.000000 
597.892615 10.000000 
607.183733 9.000000 
614.113741 10.000000 
614.883400 10.000000 
618.983840 9.000000 
640.866469 8.000000 
643.348128 8.000000 
644.057480 9.000000 
646.297297 10.000000 
647.055306 10.000000 
652.453442 10.000000 
652.898379 9.000000 
653.380524 10.000000 
665.592975 9.000000 
667.940454 10.000000 
669.612363 10.000000 
669.819254 10.000000 
673.080322 9.000000 
674.032134 10.000000 
675.556252 10.000000 
675.899053 10.000000 
678.118672 10.000000 
684.854840 9.000000 
698.053763 9.000000 
703.791156 9.000000 
706.094737 10.000000 
706.786354 10.000000 
712.093494 9.000000 
717.777460 9.000000 
721.126568 10.000000 
721.486427 10.000000 
726.510511 9.000000 
733.071007 9.000000 
735.106381 10.000000 
736.254524 10.000000 
745.829387 9.000000 
746.248534 10.000000 
747.823705 10.000000 
753.084559 10.000000 
758.171759 9.000000 
761.116196 10.000000 
775.898108 8.000000 
780.317258 9.000000 
783.139408 10.000000 
783.226262 10.000000 
786.809508 10.000000 
793.384370 9.000000 
798.438509 9.000000 
800.903840 10.000000 
806.692440 9.000000 
807.172982 10.000000 
810.616452 10.000000 
811.240800 10.000000 
811.994204 9.000000 
812.932352 10.000000 
815.496700 10.000000 
816.761244 10.000000 
823.818760 9.000000 
823.843735 10.000000 
829.719680 10.000000 
835.053069 9.000000 
844.073638 10.000000 
844.311978 10.000000 
845.229670 10.000000 
854.040914 8.000000 
854.559666 9.000000 
858.902752 10.000000 
863.446754 10.000000 
867.722714 9.000000 
874.794118 9.000000 
877.735565 10.000000 
879.447933 9.000000 
893.977401 9.000000 
895.820291 10.000000 
901.015719 9.000000 
904.566523 10.000000 
910.433377 9.000000 
923.971744 8.000000 
934.026520 8.000000 
937.614369 9.000000 
939.610520 10.000000 
944.449261 9.000000 
945.295686 10.000000 
947.342724 10.000000 
949.593382 10.000000 
955.484605 9.000000 
958.660560 10.000000 
958.708156 10.000000 
971.244981 8.000000 
978.177047 9.000000 
985.642589 9.000000 
987.794507 9.000000 
993.959644 10.000000 
999.504448 9.000000 
1000.302835 10.000000 
1000.853906 10.000000 
1003.659127 10.000000 
1032.358994 7.000000 
1033.219117 8.000000 
1035.213886 9.000000 
1037.175266 10.000000 
1046.542030 9.000000 
1046.705264 10.000000 
1049.492733 10.000000 
1050.801012 10.000000 
1053.666658 9.000000 
1058.312662 10.000000 
1059.877484 9.000000 
1063.731607 10.000000 
1074.137453 9.000000 
1085.154289 9.000000 
1086.538903 10.000000 
1087.557817 10.000000 
1091.974164 9.000000 
1096.904119 9.000000 
1104.077027 9.000000 
1107.568669 10.000000 
1109.686839 10.000000 
1114.943927 9.000000 
1116.779310 10.000000 
1122.585260 9.000000 
1125.978518 10.000000 
1135.661467 9.000000 
1136.005191 10.000000 
1136.697872 10.000000 
1138.112222 10.000000 
1146.603698 9.000000 
1154.903152 9.000000 
1156.915533 10.000000 
1157.137451 10.000000 
1173.486448 9.000000 
1177.568636 9.000000 
1186.292061 9.000000 
1195.108280 9.000000 
1195.141112 10.000000 
1202.569383 9.000000 
1205.497950 10.000000 
1206.017770 10.000000 
1208.346562 9.000000 
1209.634187 10.000000 
1213.145898 10.000000 
1214.993054 10.000000 
1220.204793 9.000000 
1222.150449 10.000000 
1228.887584 9.000000 
1233.896619 10.000000 
1237.097367 10.000000 
1249.257563 9.000000 
1249.768516 10.000000 
1250.372280 10.000000 
1252.353007 10.000000 
1253.353840 10.000000 
1268.425490 8.000000 
1269.015222 9.000000 
1269.866388 9.000000 
1271.086524 10.000000 
1287.377118 9.000000 
1295.559003 9.000000 
1296.564834 10.000000 
1302.564330 9.000000 
1303.372959 10.000000 
1310.533221 9.000000 
1315.382619 10.000000 
1321.150438 10.000000 
1329.161373 9.000000 
1334.564540 9.000000 
1335.570016 10.000000 
1338.760195 10.000000 
1339.126245 10.000000 
1339.912945 10.000000 
1340.453205 10.000000 
1341.375453 10.000000 
1352.362232 9.000000 
1356.537506 9.000000 
1357.275966 10.000000 
1357.614154 10.000000 
1360.721904 10.000000 
1361.379809 10.000000 
1386.562774 7.000000 
1391.406563 8.000000 
1398.972515 8.000000 
1400.199637 9.000000 
1404.946897 9.000000 
1406.593036 10.000000 
1409.626497 10.000000 
1410.694279 10.000000 
1411.143177 10.000000 
1427.855383 8.000000 
1429.141480 9.000000 
1430.347620 10.000000 
1431.690188 10.000000 
1434.701218 10.000000 
1439.940898 9.000000 
0.000000 0.000000 
11.846863 0.000000 
15.764945 0.000000 
28.395467 0.000000 
30.149287 1.000000 
31.732022 2.000000 
34.646130 3.000000 
35.956519 3.000000 
43.997898 4.000000 
44.008594 5.000000 
44.715569 5.000000 
46.365795 6.000000 
53.495758 7.000000 
59.595865 7.000000 
61.376117 7.000000 
64.682004 8.000000 
72.073329 8.000000 
74.263973 9.000000 
74.498149 10.000000 
75.746677 10.000000 
90.784052 8.000000 
106.802310 8.000000 
108.793834 9.000000 
113.108181 9.000000 
116.162657 10.000000 
123.873426 9.000000 
124.932581 10.000000 
126.593479 10.000000 
126.873673 10.000000 
128.150378 10.000000 
129.441022 10.000000 
132.243394 10.000000 
140.682245 9.000000 
140.682799 10.000000 
141.520375 9.000000 
143.623967 10.000000 
152.517368 9.000000 
162.608323 9.000000 
165.973347 10.000000 
182.548709 8.000000 
186.399905 9.000000 
190.615887 10.000000 
195.861743 9.000000 
196.011568 10.000000 
196.405629 10.000000 
198.561176 10.000000 
203.217628 9.000000 
207.111704 10.000000 
227.413629 8.000000 
228.405366 9.000000 
236.586940 9.000000 
241.670233 9.000000 
250.884730 9.000000 
253.408333 10.000000 
257.675690 10.000000 
261.867563 9.000000 
261.894119 10.000000 
264.601651 10.000000 
265.706441 10.000000 
265.808010 10.000000 
266.003628 10.000000 
266.052950 10.000000 
267.331114 10.000000 
279.943042 8.000000 
280.487005 9.000000 
282.466392 10.000000 
285.571289 10.000000 
302.788769 8.000000 
307.837592 9.000000 
314.256259 9.000000 
318.478715 10.000000 
320.839283 10.000000 
331.410940 9.000000 
332.278124 10.000000 
337.117003 9.000000 
337.376057 10.000000 
337.890921 10.000000 
340.250452 10.000000 
351.852985 9.000000 
356.218929 10.000000 
362.131812 9.000000 
374.086921 9.000000 
383.085494 9.000000 
386.045549 10.000000 
388.937445 10.000000 
402.691162 8.000000 
412.394882 9.000000 
412.929764 10.000000 
414.167577 9.000000 
414.820712 10.000000 
418.005557 10.000000 
420.030864 10.000000 
423.338451 9.000000 
424.190598 10.000000 
431.837203 10.000000 
435.177866 10.000000 
452.866338 8.000000 
459.523918 8.000000 
460.578440 9.000000 
464.485959 10.000000 
471.196109 9.000000 
471.377440 10.000000 
475.101215 10.000000 
475.510574 10.000000 
482.688599 9.000000 
485.637152 10.000000 
489.759868 10.000000 
491.889419 9.000000 
492.532394 10.000000 
496.594455 10.000000 
504.876026 9.000000 
505.556129 10.000000 
521.845234 8.000000 
526.370493 8.000000 
532.480296 9.000000 
532.561645 10.000000 
535.132569 10.000000 
536.705696 10.000000 
542.454476 9.000000 
550.008045 10.000000 
554.819191 9.000000 
555.997022 10.000000 
561.332441 9.000000 
562.576761 10.000000 
562.612143 10.000000 
563.204385 10.000000 
570.992201 9.000000 
581.940330 9.000000 
582.407918 10.000000 
584.791221 9.000000 
587.853471 10.000000 
596.359496 9.000000 
599.609995 10.000000 
601.846252 10.000000 
608.571284 9.000000 
608.751511 10.000000 
611.110540 10.000000 
620.097505 9.000000 
621.905180 9.000000 
625.631849 10.000000 
628.094868 10.000000 
630.955617 10.000000 
634.050992 9.000000 
639.396889 10.000000 
643.011413 10.000000 
647.628632 9.000000 
655.362904 9.000000 
656.992724 10.000000 
678.993755 8.000000 
682.944568 8.000000 
684.211602 9.000000 
693.910677 9.000000 
696.899312 10.000000 
697.886936 10.000000 
711.026288 8.000000 
717.677396 9.000000 
732.075619 8.000000 
733.368324 9.000000 
737.734624 9.000000 
738.272447 10.000000 
739.954993 10.000000 
741.095090 10.000000 
748.740182 9.000000 
748.751629 10.000000 
749.908349 10.000000 
775.903243 7.000000 
777.809033 8.000000 
784.215658 8.000000 
787.949911 9.000000 
792.452345 9.000000 
793.500432 10.000000 
797.977794 10.000000 
801.593463 9.000000 
802.109665 10.000000 
806.757513 10.000000 
814.938604 9.000000 
815.944337 10.000000 
815.993271 10.000000 
816.504095 10.000000 
820.452540 10.000000 
820.777454 10.000000 
821.981377 9.000000 
822.361923 10.000000 
825.741485 10.000000 
827.097787 10.000000 
830.979380 9.000000 
836.822978 10.000000 
843.795432 9.000000 
844.498352 10.000000 
844.799345 10.000000 
854.637342 9.000000 
859.630620 10.000000 
863.963144 9.000000 
865.609452 10.000000 
866.852144 10.000000 
877.299630 8.000000 
886.520499 8.000000 
894.143932 8.000000 
896.566388 9.000000 
907.084203 9.000000 
919.558200 9.000000 
923.770181 10.000000 
926.036827 9.000000 
927.653277 10.000000 
928.592480 10.000000 
929.106318 10.000000 
941.579957 9.000000 
941.892912 10.000000 
942.381913 10.000000 
943.274194 10.000000 
944.024308 10.000000 
948.293187 10.000000 
954.252020 9.000000 
954.821666 10.000000 
971.003750 8.000000 
972.514802 9.000000 
974.390203 10.000000 
974.938468 10.000000 
984.206889 9.000000 
1006.656599 8.000000 
1022.032664 8.000000 
1030.236201 8.000000 
1031.039341 9.000000 
1036.114126 9.000000 
1047.548529 9.000000 
1065.515039 8.000000 
1071.832386 8.000000 
1079.275917 8.000000 
1091.621269 8.000000 
1091.740525 9.000000 
1092.227234 10.000000 
1094.185316 10.000000 
1094.764381 10.000000 
1096.332878 10.000000 
1112.062708 8.000000 
1113.755618 9.000000 
1113.938322 10.000000 
1119.335177 9.000000 
1122.608719 10.000000 
1128.581358 10.000000 
1131.669842 9.000000 
1144.845719 9.000000 
1149.533258 9.000000 
1154.574195 10.000000 
1161.817154 9.000000 
1163.878635 10.000000 
1179.534334 8.000000 
1180.773187 9.000000 
1181.674306 10.000000 
1182.100841 10.000000 
1185.404683 10.000000 
1198.239830 8.000000 
1206.485224 9.000000 
1209.513935 9.000000 
1211.408346 10.000000 
1214.390232 10.000000 
1217.602023 10.000000 
1218.449180 10.000000 
1223.654962 9.000000 
1230.173815 9.000000 
1237.454275 9.000000 
1255.214990 9.000000 
1259.704729 9.000000 
1265.182469 9.000000 
1268.585810 10.000000 
1272.902836 9.000000 
1283.155091 9.000000 
1285.037017 10.000000 
1287.817591 9.000000 
1289.993094 10.000000 
1290.086990 10.000000 
1291.297094 10.000000 
1291.534190 10.000000 
1301.918704 9.000000 
1305.639651 10.000000 
1306.743290 10.000000 
1311.695967 9.000000 
1318.622293 9.000000 
1324.090786 10.000000 
1327.338416 9.000000 
1328.333744 10.000000 
1348.977850 8.000000 
1350.761079 9.000000 
1358.619886 9.000000 
1362.604213 10.000000 
1368.627943 9.000000 
1371.167805 10.000000 
1372.867608 10.000000 
1378.872401 9.000000 
1379.297120 10.000000 
1379.375362 10.000000 
1379.508503 10.000000 
1380.150719 10.000000 
1383.330753 10.000000 
1385.850849 10.000000 
1387.252363 10.000000 
1388.728703 9.000000 
1390.506550 10.000000 
1391.416131 10.000000 
1391.679902 10.000000 
1395.411441 10.000000 
1398.462188 9.000000 
1400.246984 10.000000 
1408.720319 9.000000 
1414.817893 9.000000 
1415.145140 10.000000 
1418.307854 10.000000 
1422.015434 10.000000 
1425.883392 9.000000 
1427.823418 10.000000 
1428.993396 10.000000 
0.000000 0.000000 
10.514371 0.000000 
13.535864 0.000000 
18.475106 1.000000 
21.452355 1.000000 
21.567276 2.000000 
22.951525 3.000000 
24.442681 4.000000 
25.718661 5.000000 
26.241684 6.000000 
28.642393 7.000000 
28.890381 8.000000 
44.700848 7.000000 
49.394943 8.000000 
64.088250 7.000000 
67.341796 8.000000 
70.831829 9.000000 
72.058834 9.000000 
88.033574 9.000000 
100.854616 9.000000 
100.874422 10.000000 
108.291610 9.000000 
111.305349 10.000000 
112.130545 10.000000 
112.217736 10.000000 
113.250833 10.000000 
125.774239 9.000000 
129.584822 9.000000 
132.749304 10.000000 
133.329098 10.000000 
134.780554 10.000000 
138.901267 9.000000 
142.273193 10.000000 
143.355578 10.000000 
144.484609 10.000000 
154.612482 9.000000 
155.039028 10.000000 
162.962255 9.000000 
169.434327 10.000000 
177.255845 9.000000 
177.869986 10.000000 
179.764652 9.000000 
182.165839 10.000000 
195.292856 9.000000 
196.045453 10.000000 
196.829133 10.000000 
197.410239 10.000000 
201.058782 9.000000 
208.847957 10.000000 
213.940985 9.000000 
225.762301 9.000000 
231.102170 9.000000 
231.712722 10.000000 
247.590559 9.000000 
250.815631 9.000000 
253.793008 10.000000 
255.770539 10.000000 
262.839995 9.000000 
265.766469 10.000000 
273.556593 9.000000 
275.887601 10.000000 
276.255513 9.000000 
290.149427 9.000000 
290.244078 10.000000 
297.255442 10.000000 
298.547638 9.000000 
316.456999 9.000000 
317.387939 9.000000 
318.706164 10.000000 
321.327797 10.000000 
323.109353 10.000000 
326.930300 9.000000 
327.436390 10.000000 
327.694026 10.000000 
327.774165 10.000000 
334.675178 9.000000 
348.249323 9.000000 
352.322730 10.000000 
355.916138 9.000000 
357.300955 10.000000 
362.968456 10.000000 
370.281313 9.000000 
373.616385 10.000000 
374.598511 10.000000 
388.838066 8.000000 
389.009123 9.000000 
395.390771 9.000000 
396.846995 10.000000 
397.493574 10.000000 
397.991327 10.000000 
400.894755 10.000000 
404.500523 10.000000 
405.666331 9.000000 
406.966022 10.000000 
409.619422 10.000000 
420.206830 9.000000 
423.087417 10.000000 
427.302730 9.000000 
428.796232 10.000000 
444.811062 9.000000 
445.508439 9.000000 
445.607042 10.000000 
447.849769 10.000000 
449.039007 10.000000 
457.247272 9.000000 
461.850800 10.000000 
461.960223 10.000000 
468.289491 9.000000 
477.235229 9.000000 
478.004580 10.000000 
478.657619 10.000000 
480.684274 10.000000 
489.679015 9.000000 
502.000487 9.000000 
520.705022 8.000000 
520.978714 9.000000 
529.529419 9.000000 
532.303727 10.000000 
533.854528 10.000000 
535.444654 10.000000 
540.521583 9.000000 
541.528993 10.000000 
545.924455 9.000000 
549.922277 10.000000 
553.225846 10.000000 
555.150679 10.000000 
570.244573 8.000000 
574.433027 9.000000 
585.084456 9.000000 
590.106289 10.000000 
591.795255 9.000000 
603.204348 9.000000 
608.313281 10.000000 
624.479643 9.000000 
631.698283 9.000000 
633.564433 10.000000 
634.738721 10.000000 
637.768668 9.000000 
640.260176 10.000000 
651.254263 9.000000 
654.379461 10.000000 
656.354243 9.000000 
657.633048 10.000000 
661.499392 10.000000 
666.968142 9.000000 
677.335998 9.000000 
681.500788 10.000000 
691.133360 9.000000 
691.572387 10.000000 
692.293765 10.000000 
694.114350 10.000000 
695.737942 10.000000 
697.171554 9.000000 
713.448418 9.000000 
716.263870 9.000000 
716.960547 10.000000 
717.710646 10.000000 
718.377689 10.000000 
720.563546 10.000000 
734.611592 8.000000 
734.932424 9.000000 
735.538607 10.000000 
736.002192 10.000000 
740.114085 10.000000 
745.274415 9.000000 
752.411451 9.000000 
756.769461 9.000000 
758.589235 10.000000 
760.641157 10.000000 
760.698600 10.000000 
764.301155 10.000000 
768.570279 9.000000 
771.535914 10.000000 
776.713178 10.000000 
782.335384 9.000000 
790.493538 10.000000 
790.545078 10.000000 
793.036329 10.000000 
798.067160 9.000000 
810.367409 9.000000 
810.609210 10.000000 
812.253745 9.000000 
812.689670 10.000000 
828.495144 9.000000 
829.418270 10.000000 
841.219720 9.000000 
846.788564 10.000000 
850.886666 9.000000 
853.239976 10.000000 
854.992457 10.000000 
855.088454 10.000000 
858.352587 9.000000 
860.400133 10.000000 
861.729382 10.000000 
867.368611 9.000000 
873.825093 9.000000 
879.025843 10.000000 
888.008537 9.000000 
889.259668 10.000000 
903.216635 8.000000 
903.223991 9.000000 
904.757038 10.000000 
906.470582 10.000000 
920.246733 8.000000 
923.590632 8.000000 
923.627743 9.000000 
925.001554 10.000000 
929.901552 10.000000 
930.450006 9.000000 
931.129162 10.000000 
943.146813 10.000000 
948.496515 9.000000 
948.975842 10.000000 
957.016859 9.000000 
959.328748 10.000000 
969.997478 8.000000 
973.859197 8.000000 
989.245712 8.000000 
995.033951 8.000000 
997.388975 9.000000 
1007.284536 9.000000 
1007.909690 10.000000 
1008.997049 10.000000 
1022.749055 9.000000 
1023.214526 10.000000 
1023.885049 9.000000 
1027.836126 10.000000 
1032.335753 10.000000 
1032.639481 10.000000 
1036.763656 9.000000 
1038.865810 10.000000 
1041.336422 10.000000 
1047.373516 9.000000 
1049.379792 10.000000 
1057.201350 9.000000 
1079.354495 8.000000 
1095.820143 8.000000 
1098.909695 8.000000 
1106.075710 8.000000 
1111.265182 9.000000 
1115.872647 9.000000 
1121.160430 10.000000 
1121.215638 10.000000 
1124.009765 9.000000 
1132.754801 9.000000 
1135.299545 10.000000 
1135.905869 10.000000 
1153.573240 8.000000 
1154.709631 9.000000 
1155.001714 10.000000 
1159.290552 10.000000 
1160.147327 10.000000 
1166.404240 9.000000 
1172.730842 9.000000 
1176.215511 10.000000 
1176.233349 10.000000 
1188.674705 9.000000 
1200.100113 9.000000 
1203.797789 10.000000 
1211.708081 9.000000 
1214.086209 10.000000 
1223.129077 9.000000 
1224.224154 10.000000 
1226.507034 10.000000 
1227.466440 10.000000 
1230.814438 9.000000 
1235.651337 10.000000 
1239.198335 9.000000 
1240.254636 10.000000 
1240.703856 10.000000 
1240.823165 10.000000 
1242.193931 10.000000 
1245.048014 10.000000 
1245.148147 10.000000 
1246.302683 10.000000 
1271.305338 7.000000 
1276.093120 8.000000 
1276.674678 9.000000 
1293.491812 8.000000 
1294.785103 9.000000 
1296.098830 10.000000 
1297.841511 9.000000 
1300.887565 10.000000 
1317.607054 8.000000 
1322.929044 9.000000 
1324.969109 9.000000 
1325.877017 10.000000 
1327.319813 10.000000 
1331.216353 10.000000 
1336.105637 9.000000 
1342.938998 9.000000 
1343.324252 10.000000 
1345.216277 10.000000 
1347.587450 10.000000 
1348.583656 10.000000 
1372.755174 7.000000 
1373.141713 8.000000 
1373.596903 9.000000 
1379.091973 10.000000 
1380.540278 10.000000 
1383.473322 9.000000 
1383.480872 10.000000 
1385.641909 10.000000 
1394.861662 9.000000 
1395.991894 10.000000 
1397.166725 10.000000 
1398.897608 10.000000 
1399.971556 10.000000 
1406.780177 9.000000 
1412.109784 10.000000 
1415.109757 9.000000 
1415.343014 10.000000 
1416.325107 10.000000 
1425.160546 9.000000 
1431.797741 9.000000 
0.000000 0.000000 
4.391980 0.000000 
5.039906 1.000000 
5.226555 2.000000 
6.097464 3.000000 
8.492057 4.000000 
19.521435 4.000000 
20.250925 5.000000 
25.462313 6.000000 
27.271610 6.000000 
29.746929 7.000000 
38.243520 7.000000 
39.898832 8.000000 
40.623351 9.000000 
45.298004 10.000000 
46.969974 9.000000 
48.729630 10.000000 
53.622444 10.000000 
70.474261 8.000000 
72.321493 9.000000 
74.290005 10.000000 
75.242546 10.000000 
75.729776 10.000000 
81.665573 9.000000 
82.123230 10.000000 
84.313886 10.000000 
93.309030 9.000000 
99.739033 9.000000 
119.501489 8.000000 
124.231082 9.000000 
125.295882 9.000000 
125.964238 10.000000 
128.236124 10.000000 
135.569160 9.000000 
139.223215 10.000000 
141.225724 10.000000 
142.239279 10.000000 
143.854767 10.000000 
145.991016 9.000000 
146.033854 10.000000 
160.535667 9.000000 
170.044161 9.000000 
170.452042 10.000000 
176.981539 9.000000 
179.841663 9.000000 
180.079438 10.000000 
180.969469 10.000000 
186.442668 10.000000 
187.667451 10.000000 
189.444383 9.000000 
192.793259 10.000000 
193.585176 10.000000 
195.025503 10.000000 
196.753785 10.000000 
207.913055 8.000000 
208.672444 9.000000 
216.654022 10.000000 
223.791856 9.000000 
225.078338 10.000000 
238.657387 9.000000 
246.564954 9.000000 
252.391677 9.000000 
258.414908 10.000000 
262.136994 10.000000 
263.155587 10.000000 
263.619679 10.000000 
265.536365 9.000000 
270.379170 10.000000 
272.539479 10.000000 
274.758712 10.000000 
276.510199 10.000000 
282.443662 9.000000 
316.426776 7.000000 
322.018029 7.000000 
323.264923 8.000000 
338.642767 8.000000 
339.344242 8.000000 
343.225979 9.000000 
344.638900 10.000000 
347.182995 10.000000 
351.509780 9.000000 
351.622441 10.000000 
361.160264 9.000000 
367.018921 10.000000 
380.132216 9.000000 
382.273444 9.000000 
382.576612 10.000000 
387.957331 10.000000 
388.077247 10.000000 
389.915839 9.000000 
390.789919 10.000000 
393.612290 10.000000 
397.054545 10.000000 
400.386001 9.000000 
408.767105 10.000000 
410.458844 9.000000 
412.453172 10.000000 
413.853794 10.000000 
422.190124 10.000000 
424.222412 9.000000 
427.809123 10.000000 
435.180877 9.000000 
443.848686 10.000000 
444.600330 9.000000 
445.802918 10.000000 
446.596139 10.000000 
449.959483 10.000000 
451.406236 10.000000 
454.607432 9.000000 
457.176254 10.000000 
457.263538 10.000000 
460.285980 10.000000 
462.921511 9.000000 
476.464369 9.000000 
477.564552 10.000000 
481.626123 9.000000 
482.928921 10.000000 
509.415351 7.000000 
509.582770 8.000000 
512.571955 9.000000 
524.806827 9.000000 
527.459755 9.000000 
527.618256 10.000000 
533.089068 10.000000 
533.602539 10.000000 
539.058152 9.000000 
554.848878 8.000000 
563.097752 8.000000 
568.176749 9.000000 
578.969488 9.000000 
581.878410 9.000000 
583.274993 10.000000 
602.703793 8.000000 
602.894425 9.000000 
604.803893 10.000000 
607.224436 10.000000 
608.638329 10.000000 
610.645823 10.000000 
618.867663 9.000000 
621.997601 9.000000 
622.207582 10.000000 
622.736939 10.000000 
623.690606 10.000000 
624.729062 10.000000 
625.995069 10.000000 
626.774914 10.000000 
634.158271 9.000000 
641.879548 9.000000 
663.454299 8.000000 
669.157815 9.000000 
671.554098 9.000000 
673.872923 10.000000 
679.729776 9.000000 
681.524682 10.000000 
686.225067 9.000000 
694.475984 10.000000 
705.493474 9.000000 
706.807662 9.000000 
708.010789 10.000000 
713.116984 10.000000 
717.587609 9.000000 
730.667232 9.000000 
738.119943 9.000000 
742.570732 10.000000 
745.564544 9.000000 
746.728505 10.000000 
755.007298 9.000000 
757.872304 10.000000 
758.064205 10.000000 
766.284518 9.000000 
767.992461 10.000000 
771.982457 10.000000 
774.370674 9.000000 
775.804997 10.000000 
776.115167 10.000000 
780.658128 10.000000 
786.204995 9.000000 
788.929773 9.000000 
790.038875 10.000000 
790.277593 10.000000 
792.836636 10.000000 
818.736661 8.000000 
825.438966 8.000000 
829.362198 8.000000 
832.398022 9.000000 
836.441421 10.000000 
842.111319 9.000000 
849.402233 9.000000 
849.904929 10.000000 
853.006165 10.000000 
859.375164 10.000000 
862.040083 9.000000 
863.863065 10.000000 
864.630279 10.000000 
872.714998 9.000000 
874.561936 10.000000 
883.496484 10.000000 
886.677989 9.000000 
887.567070 10.000000 
888.394841 10.000000 
892.252674 9.000000 
892.326676 10.000000 
904.422098 9.000000 
904.983130 10.000000 
906.851316 10.000000 
916.218791 9.000000 
916.775381 10.000000 
916.797563 10.000000 
919.439182 10.000000 
926.628028 9.000000 
928.353925 10.000000 
932.508790 10.000000 
936.768811 9.000000 
936.873089 10.000000 
946.144140 9.000000 
947.298275 10.000000 
956.690260 9.000000 
961.113508 10.000000 
969.559016 9.000000 
980.242493 9.000000 
980.865731 10.000000 
991.165098 9.000000 
1003.804029 9.000000 
1005.155128 9.000000 
1007.532643 10.000000 
1007.770886 10.000000 
1013.877142 9.000000 
1013.910967 10.000000 
1014.148565 10.000000 
1017.021088 10.000000 
1020.944292 10.000000 
1021.798386 10.000000 
1022.327457 9.000000 
1026.161897 10.000000 
1030.433652 10.000000 
1032.306778 9.000000 
1039.479585 10.000000 
1050.125474 8.000000 
1057.773055 9.000000 
1059.191050 9.000000 
1059.662878 10.000000 
1081.350911 7.000000 
1082.696082 8.000000 
1086.775264 9.000000 
1090.709957 9.000000 
1096.310751 10.000000 
1098.537867 10.000000 
1099.729698 10.000000 
1100.482634 10.000000 
1100.761694 10.000000 
1106.972263 9.000000 
1108.154891 10.000000 
1115.255712 9.000000 
1121.653833 10.000000 
1124.837223 9.000000 
1132.980609 10.000000 
1134.384013 9.000000 
1143.907172 10.000000 
1144.769676 10.000000 
1150.213406 9.000000 
1150.988166 10.000000 
1173.991643 7.000000 
1200.060898 5.000000 
1202.021527 6.000000 
1203.569040 7.000000 
1206.698741 7.000000 
1214.205981 8.000000 
1219.920012 8.000000 
1224.182579 9.000000 
1224.553432 10.000000 
1273.045224 5.000000 
1308.376656 2.000000 
1318.296592 2.000000 
1328.779996 2.000000 
1329.559500 3.000000 
1331.868776 4.000000 
1341.360966 4.000000 
1346.132777 5.000000 
1346.819945 6.000000 
1351.647122 6.000000 
1352.646105 7.000000 
1358.692260 7.000000 
1358.983161 8.000000 
1361.412463 9.000000 
1362.019720 10.000000 
1366.601260 9.000000 
1369.529195 10.000000 
1392.365335 8.000000 
1403.421094 8.000000 
1403.740200 9.000000 
1407.479441 9.000000 
1407.839907 10.000000 
1411.003615 10.000000 
1414.203294 9.000000 
1415.681419 10.000000 
1416.956788 10.000000 
1419.214696 10.000000 
1433.309246 9.000000 
1435.226322 9.000000 
1435.466478 10.000000 
0.000000 0.000000 
0.723155 0.000000 
2.132828 1.000000 
3.599546 2.000000 
9.987386 3.000000 
16.060376 3.000000 
24.118806 3.000000 
25.888858 4.000000 
30.317260 4.000000 
33.245258 5.000000 
38.894606 5.000000 
42.903394 6.000000 
50.092665 6.000000 
51.045085 7.000000 
52.528534 8.000000 
64.599177 7.000000 
65.450895 8.000000 
65.525854 9.000000 
76.641680 9.000000 
88.917259 9.000000 
94.095695 9.000000 
95.759552 10.000000 
96.098357 10.000000 
97.874636 10.000000 
101.217235 10.000000 
104.302345 9.000000 
109.228516 10.000000 
114.803396 9.000000 
128.097502 9.000000 
141.043718 9.000000 
142.791269 10.000000 
150.446692 9.000000 
155.090125 10.000000 
160.495854 9.000000 
166.277545 9.000000 
189.207682 7.000000 
196.562992 7.000000 
200.270613 8.000000 
200.865399 9.000000 
203.187649 10.000000 
207.816916 9.000000 
219.082451 8.000000 
219.391453 9.000000 
229.157225 9.000000 
240.344515 9.000000 
241.266305 10.000000 
250.565486 9.000000 
266.637081 9.000000 
276.476364 9.000000 
280.662177 10.000000 
280.718842 10.000000 
283.168205 9.000000 
284.650653 10.000000 
296.205370 9.000000 
299.512731 10.000000 
302.349809 9.000000 
304.843630 10.000000 
317.887691 9.000000 
325.040936 9.000000 
326.846234 10.000000 
327.342960 10.000000 
327.469188 10.000000 
328.351346 10.000000 
330.870382 10.000000 
334.556347 9.000000 
335.051193 10.000000 
335.987386 10.000000 
336.522297 10.000000 
340.727119 10.000000 
344.988819 9.000000 
352.380097 9.000000 
352.411466 10.000000 
354.206552 10.000000 
360.186957 9.000000 
362.049076 10.000000 
364.510457 10.000000 
372.041198 9.000000 
382.147871 9.000000 
392.575878 9.000000 
395.778100 10.000000 
397.786413 10.000000 
403.377511 9.000000 
414.708953 9.000000 
423.067170 9.000000 
425.081908 10.000000 
451.157988 7.000000 
456.723309 8.000000 
459.679765 9.000000 
462.388270 10.000000 
462.532852 10.000000 
462.542752 10.000000 
466.622369 9.000000 
479.564177 9.000000 
490.286022 9.000000 
499.191795 8.000000 
500.146771 9.000000 
503.670704 10.000000 
506.514733 10.000000 
513.131200 9.000000 
514.910475 10.000000 
515.476707 10.000000 
519.490980 9.000000 
520.306317 10.000000 
530.552453 9.000000 
535.022769 10.000000 
541.830652 9.000000 
543.676032 10.000000 
545.734765 9.000000 
547.059141 10.000000 
553.962951 10.000000 
554.131449 10.000000 
558.225763 9.000000 
560.970779 10.000000 
565.756364 10.000000 
578.673057 8.000000 
592.081606 8.000000 
594.593951 9.000000 
603.998677 9.000000 
605.759072 10.000000 
610.109279 9.000000 
610.364867 10.000000 
613.599899 10.000000 
615.816040 10.000000 
616.952322 10.000000 
618.393207 9.000000 
620.161715 10.000000 
620.678177 10.000000 
622.212362 10.000000 
628.268069 10.000000 
643.499353 9.000000 
649.078578 9.000000 
649.903258 10.000000 
656.585998 9.000000 
659.182366 10.000000 
667.018354 9.000000 
677.124055 9.000000 
678.083899 10.000000 
678.199614 10.000000 
690.655278 9.000000 
697.961811 9.000000 
700.875376 10.000000 
703.574741 9.000000 
704.456322 10.000000 
705.208977 10.000000 
705.315901 10.000000 
719.210456 9.000000 
721.357852 9.000000 
730.564558 9.000000 
731.623696 10.000000 
735.174410 10.000000 
735.637483 10.000000 
739.887259 9.000000 
740.622107 10.000000 
741.436004 10.000000 
742.028109 10.000000 
745.491114 9.000000 
748.298387 10.000000 
748.670475 10.000000 
752.786342 10.000000 
753.034586 10.000000 
761.926718 9.000000 
784.932971 8.000000 
785.567837 9.000000 
787.238247 10.000000 
787.790238 10.000000 
791.403807 9.000000 
794.296125 10.000000 
811.823346 8.000000 
813.560190 9.000000 
816.115259 10.000000 
821.827803 9.000000 
837.948309 9.000000 
839.547311 10.000000 
843.339510 9.000000 
844.774777 10.000000 
848.467931 10.000000 
856.482014 9.000000 
858.865959 10.000000 
859.922754 10.000000 
866.683266 9.000000 
867.556018 10.000000 
869.945945 10.000000 
874.631999 9.000000 
880.677702 10.000000 
886.874037 9.000000 
887.202625 10.000000 
888.016284 10.000000 
889.549367 10.000000 
898.437416 9.000000 
910.366681 9.000000 
910.807535 10.000000 
917.715059 9.000000 
917.948632 10.000000 
921.554234 10.000000 
924.678480 9.000000 
928.347869 10.000000 
928.512540 10.000000 
936.774593 9.000000 
939.328489 10.000000 
940.744121 10.000000 
948.302126 9.000000 
959.158841 9.000000 
961.054971 10.000000 
966.031781 9.000000 
978.873777 9.000000 
979.425249 10.000000 
979.457516 10.000000 
984.017910 9.000000 
989.057468 10.000000 
1005.315596 8.000000 
1010.964186 9.000000 
1016.839210 9.000000 
1018.823674 10.000000 
1031.013574 9.000000 
1034.060309 10.000000 
1036.017809 10.000000 
1042.126795 9.000000 
1047.455309 9.000000 
1047.539824 10.000000 
1054.799307 10.000000 
1059.947429 9.000000 
1066.708020 9.000000 
1070.985611 10.000000 
1078.341086 9.000000 
1081.067835 10.000000 
1083.541005 10.000000 
1087.472006 9.000000 
1095.229980 9.000000 
1098.470283 10.000000 
1099.559627 10.000000 
1101.224553 10.000000 
1108.681065 9.000000 
1109.092828 10.000000 
1112.908497 9.000000 
1116.064351 10.000000 
1134.505750 8.000000 
1152.759598 7.000000 
1153.080128 8.000000 
1157.198891 9.000000 
1160.505859 9.000000 
1161.360486 10.000000 
1193.216084 6.000000 
1194.253658 7.000000 
1196.364217 8.000000 
1202.218164 8.000000 
1203.236501 9.000000 
1204.999816 10.000000 
1205.701082 10.000000 
1205.987034 10.000000 
1223.068613 8.000000 
1223.739978 9.000000 
1225.396402 10.000000 
1225.796600 10.000000 
1226.439205 10.000000 
1242.218730 9.000000 
1242.355261 10.000000 
1244.706580 10.000000 
1246.892535 9.000000 
1250.662787 10.000000 
1257.363606 9.000000 
1260.214191 10.000000 
1263.754082 10.000000 
1269.334440 9.000000 
1271.558510 10.000000 
1281.528459 9.000000 
1282.675365 10.000000 
1284.357083 10.000000 
1284.560322 10.000000 
1289.309198 9.000000 
1295.210413 10.000000 
1296.380279 10.000000 
1296.388545 10.000000 
1301.346977 9.000000 
1319.279775 9.000000 
1320.374001 10.000000 
1321.994926 10.000000 
1325.691993 9.000000 
1335.056862 9.000000 
1337.351834 10.000000 
1342.635859 10.000000 
1349.001693 9.000000 
1349.005158 10.000000 
1349.235414 10.000000 
1356.894751 10.000000 
1357.786859 9.000000 
1364.898040 10.000000 
1369.038474 9.000000 
1370.695141 10.000000 
1379.774990 9.000000 
1388.651724 9.000000 
1389.389707 10.000000 
1390.744392 10.000000 
1391.619739 10.000000 
1391.798878 10.000000 
1395.145444 10.000000 
1401.753351 9.000000 
1404.256414 10.000000 
1422.402265 9.000000 
1423.490014 9.000000 
1433.961869 9.000000 
1435.004518 10.000000 
